3545.19
2742.59
3486.61
2800.68
2814.15
4006.14
2939.44
3944.13
3707.74
4052.77
3856.24
3439.59
2074.27
3723.10
1144.59
3345.36
3230.22
4170.62
2796.27
3446.41
3174.48
3978.17
4041.54
0.00
3629.57
3639.98
3945.27
3653.92
3813.52
3109.77
3618.65
3412.35
2711.08
3623.25
3418.93
2749.45
3766.49
3596.76
3502.93
4142.43
3664.93
3310.88
2833.70
3335.73
2686.97
2514.52
3602.82
3385.99
3998.66
3826.45
3863.18
3246.88
2319.02
2985.70
3431.40
4090.16
3050.03
4021.31
3006.85
3376.70
3781.40
3487.82
2732.40
2349.36
416.93
2587.66
3569.77
2679.96
3590.94
3299.11
618.63
654.40
3929.35
4123.77
3761.94
516.67
3094.97
4098.68
1736.99
0.00
1874.36
3695.54
2917.71
3417.17
4125.63
3919.11
4181.68
3628.72
3750.60
3766.55
3233.67
3821.61
4148.63
1878.14
3360.48
2231.99
2257.75
2489.91
3489.23
4169.29
3605.88
2525.03
2862.84
4090.68
1647.89
3733.31
3624.68
3817.46
3634.25
3645.35
3064.25
3901.97
3196.17
4059.88
0.00
2671.41
2072.27
0.00
3261.75
0.00
4051.61
4232.55
2998.24
3934.95
3874.41
675.05
3474.67
3583.96
3795.04
720.63
3863.69
3792.92
3215.59
3601.92
3243.77
3466.55
2472.22
4095.60
2845.99
3932.46
1257.71
2128.29
4120.28
4127.09
3702.54
3969.98
2228.71
3267.67
2919.20
3003.84
1400.00
3828.92
3211.43
2201.20
3584.52
3898.74
3007.59
0.00
1096.02
3716.73
3584.92
3886.07
2948.24
2289.50
3101.60
2515.91
3577.01
2417.22
2747.59
1237.76
4004.93
2968.93
3963.25
3916.05
2960.11
0.00
3924.14
3351.95
3393.24
4042.93
1087.68
3807.28
2126.04
3796.52
2662.36
3846.57
3970.20
1331.52
3431.13
3238.49
3989.83
3007.53
3953.88
2895.06
3868.46
2156.49
2310.63
2727.42
3749.84
3669.70
