106
33
266
102
0
1
148
8
70
252
46
10
185
11
191
5
71
156
14
203
165
13
79
3
13
150
36
149
233
117
3
5
71
79
111
66
7
233
1
55
42
246
150
61
38
13
55
68
24
247
0
1
61
1
14
163
1
75
49
71
125
0
21
99
145
200
146
0
215
74
20
155
53
107
151
24
204
99
205
185
82
127
204
90
111
202
190
204
30
39
20
118
2
57
39
164
9
36
161
114
58
266
15
73
47
80
266
251
10
26
11
132
65
75
102
198
58
186
143
55
50
48
11
69
222
187
71
57
25
104
7
163
124
219
45
9
16
110
28
6
84
51
45
220
7
13
264
13
6
34
216
84
259
36
6
28
15
133
1
82
123
5
7
22
148
186
128
20
22
43
12
3
79
181
112
30
225
94
43
151
39
33
68
50
11
40
8
8
57
7
15
58
182
153
23
89
199
129
145
73
54
243
166
45
43
2
169
8
97
134
0
30
50
67
87
1
214
34
177
48
7
35
37
149
0
210
208
69
71
91
3
129
54
62
112
167
83
44
1
47
70
14
31
80
7
95
13
65
72
4
133
145
99
224
11
178
119
190
9
134
21
61
16
131
28
43
3
159
6
1
118
1
63
5
32
1
170
151
139
4
191
130
22
138
13
152
106
74
118
99
3
34
2
68
56
2
1
103
175
122
212
84
157
4
148
49
6
15
198
73
98
73
6
19
6
17
0
41
198
10
4
31
59
166
162
169
46
10
57
30
111
119
1
211
53
5
1
84
218
196
19
233
116
225
49
20
236
82
86
28
26
33
97
60
78
184
19
166
174
4
35
127
22
18
130
27
110
12
99
0
119
203
99
142
125
145
30
40
91
240
278
20
141
72
126
26
0
40
184
0
174
104
117
161
22
161
207
191
19
223
13
42
170
99
47
57
13
166
37
107
81
214
195
80
1
1
33
43
231
11
43
139
38
22
183
105
5
12
18
165
3
174
16
127
2
111
0
163
37
107
74
88
119
59
168
195
37
184
6
42
54
2
12
55
54
87
94
80
0
149
5
214
220
68
53
9
51
21
254
108
171
167
166
3
14
127
25
173
148
162
42
14
211
77
90
8
180
103
82
114
57
87
12
33
165
84
20
10
154
60
40
1
187
33
144
54
15
62
150
118
213
199
132
121
201
83
216
111
38
10
6
78
33
222
149
157
20
102
62
41
9
175
107
226
141
151
13
32
194
150
71
210
6
100
35
100
99
56
34
201
71
183
62
86
90
21
2
167
179
67
51
204
25
35
9
73
85
39
242
45
199
58
86
102
178
126
28
0
213
27
219
124
1
114
97
42
18
36
127
44
13
91
13
27
175
68
136
90
83
15
1
209
7
38
9
129
240
40
199
65
49
18
110
184
162
158
227
1
17
1
238
14
77
1
145
3
152
17
252
248
0
13
2
179
53
26
205
221
8
137
155
6
20
16
99
8
81
146
186
74
0
242
16
26
230
4
8
72
13
180
30
155
140
105
51
1
